485 798.9
486 800.5
487 795.7
488 799.7
489 795.2
490 798.2
491 798.8
492 796
493 797.3
507 789.8
508 789.5
509 790.2
510 784.1
511 788.3
512 785.7
513 785.1
514 790.6
515 786.1
516 788.5
517 782.2
518 780.4
519 778.3
527 775.9
528 779.8
529 773.2
530 768.8
531 767.3
532 768.5
533 768.6
534 766.6
535 771.7
536 767.5
537 766.9
538 764.6
539 766
593 729.2
594 729.3
595 723.9
596 731.8
597 724.9
598 723.2
599 723.6
607 722.6
608 725.8
609 721.4
610 725.8
611 722.7
612 717.7
613 725.1
614 720.4
615 718
616 723.3
617 715.3
618 721.1
650 724.3
651 721.5
652 732.1
653 725.8
654 723
655 726.6
656 729.7
